%START
Mt.Akagi
by ryk,
#SCALE 80,
#STOP,
910,
#SECTION,%firstsection,
000,000,
#SCALE 100,
110,
#SCALE 80,
000,110,110,
000,100,
410,410,410,410,
110,
#SCALE 110,
100,100,100,
000,
#SCALE 80,
110,000,
100,100,100,100,%tiger,
110,110,110,
100,100,100,
000,000,
410,410,410,410,
000,000,
100,100,
110,
400,400,400,400,
#SECTION,%secondsection,
000,
#SCALE 100,
410,410,410,410,
#SCALE 80,
000,000,
100,
000,
110,
#SCALE 112,
100,
000,
#SCALE 83,
110,110,
#SCALE 80,
100,100,100,%tiger,
#SCALE 110,
000,
#SCALE 80,
000,
110,000,110,000,
100,110,100,110,100,110,110,100,100,
#SECTION,%thirdsection,
000,
100,100,100,
000,000,
#SCALE 120,
110,%fukurami,
#SCALE 80,
100,100,
000,
110,110,110,110,
000,000,000,
100,#SCALE 110,100,#SCALE 80,
000,110,000,
100,100,100,100,
000,
410,410,410,410,
000,
110,
000,000,
400,400,400,400,
000,
110,
000,
#SECTION,%finalsection,
#SCALE 100,
110,110,110,
000,
100,110,100,110,100,110,
#SCALE 83,
400,400,400,400,
410,410,410,410,
000,000,
400,400,400,400,
410,410,410,410,
000,000,000,
#SCALE 90,
100,100,100,100,
110,
#ENDSECTIONakagi,
900,
#STOP,
000,110,