%START
Mt.Natuna
by ryk,
#SCALE75,
#STOP,
%900,
#POFSX -75,
#SECTION,%first section,
000,000,000,000,
410,410,000,000,000,
100,100,000,000,
100,100,100,100,
000,
110,110,000,000,
110,400,400,
110,110,110,110,
000,110,000,100,
000,100,100,000,
#SECTION,%second section,
000,000,
100,100,100,100,
000,
110,110,110,110,
000,100,
000,000,000,100,
000,000,000,110,
000,410,410,000,
100,110,110,
000,100,000,410,000,100,
410,410,410,000,
400,400,400,400,
000,100,000,100,000,
#SECTION,%third section,
#SCALE125,
000,100,000,100,000,110,
#SCALE90,
000,
#SCALE75,
100,110,100,000,
110,110,110,110,
#SCALE125,
000,
#SCALE90,
000,
#SCALE75,
100,100,
000,110,110,
000,000,100,100,
#SCALE125,
000,000,
#SCALE75,
400,400,400,400,
000,
410,410,410,410,
000,
400,400,400,400,
000,
410,410,410,410,
000,100,000,
#SECTION,%final section,
000,
100,100,100,100,
000,
110,110,110,110,
#SCALE125,
000,100,
#SCALE90,
000,
#SCALE75,
110,110,110,
000,100,000,000,
100,100,100,100,
#SCALE125,
000,000,000,
100,
#SCALE90,
000,
#SCALE75,
100,100,
110,000,110,110,110,
000,
#SCALE125,
100,100,
000,110,110,110,100,
000,
#SCALE90,
100,
#SCALE75,
100,100,
000,000,110,
#ENDSECTIONharuna,%goal,
110,
900,
#STOP,
000,
%END