% 201x8x-10,
#LAMPR,001,#LAMPR,001,#LAMPR,101,#LAMPR,101,
001,001,311,001,301,001,311,001,301,001,
%10,
311,001,301,001,311,001,301,001,001,001,
%20,
101,101,111,111,101,101,111,111,000,000,
%30,
111,111,101,101,111,111,101,101,311,301,
%40,
000,100,100,110,110,000,000,000,000,111,
%50,
111,
000,000,001,
% 1117x188x329,
%#LAMPR,001,%#LAMPR,

001,001,111,111,111,111,101,101,111,111,
%60,
101,101,101,101,001,001,101,101,001,001,
%70,
001,001,001,311,301,311,301,001,101,101,
%80,
001,001,001,#LAMPR,900,#LAMPR,001,300,310,000,100,
%90,
100,000,110,110,000,100,100,
%100,
%900,
000,000,
% 1073x268x142,

%#LAMPR,
000,000,110,110,110,110,000,100,100,000,
%110,
000,000,100,110,000,100,000,100,000,100,
%120,
000,000,100,110,110,100,000,110,000,000,
%130,
110,110,000,100,110,000,100,110,000,000,
%140,
100,100,100,%#LAMPR,100,
000,000,
000,%#LAMPR,110,100,000,
%150,

% 413x158x-426,
110,110,110,110,000,000,000,000,000,
%160,
100,100,100,100,000,000,000,000,000,
%170,
%292x83x-92,
110,110,110,110,000,000,110,100,000,000,
100,100,
%180,
000,000,
100,100,
000,110,100,000,
100,100,
%190,
100,100,000,
110,110,110,110,
000,900,
%200,
100,000,110,#LAMPR,110,#LAMPR,%000,%#LAMPR,